0 0.19090753492291285 0.09101715061979962 0.02808754536796879 0.06113092205807437
0 0.10620603092263198 0.15350653761249786 0.023698866404223667 0.054338597384954994
0 0.07241320290179454 0.3382577687213449 0.033353960124462935 0.05977245712345048
0 0.04849490254938361 0.5797249108507386 0.03554829960633549 0.05637629478689082
0 0.19441847809390891 0.6068942095432162 0.040375846466455104 0.07131940906775343
0 0.2462048898661014 0.2978434369162846 0.030720752746215874 0.06996094413312956
0 0.29886903743104287 0.4795381219222279 0.049153204393945375 0.076074036338937
0 0.35087488315142257 0.14467651553744268 0.025893205886096244 0.051621667515707244
0 0.392347899358814 0.25165562913907286 0.025454337989721708 0.05230089998301917
0 0.46300563067511047 0.08490405841399219 0.023698866404223667 0.03667855323484463
0 0.4502784616802496 0.19256240448293427 0.018432451647729556 0.03192392596366106
0 0.44983959378387506 0.36678553234844624 0.025454337989721763 0.04618780777721178
0 0.5863275095563484 0.22075055187637968 0.03072075274621582 0.04618780777721178
0 0.5472682667790167 0.3610120563762948 0.024576602196972632 0.04686704024452371
0 0.5134659667891929 0.5229662423907028 0.020023742437461536 0.0354178195904815
0 0.15161555917023115 0.8616938616938618 0.03715083237946062 0.05439005439005454
0 0.4714986365426026 0.6586420914049277 0.02527621556723232 0.04438593191649427
0 0.3460487077534791 0.85625 0.04348906560636183 0.0625
0 0.5451665009940357 0.8672431801425411 0.027957256461232604 0.046153846153846156