0 0.28047070300591426 0.46701189106252394 0.04877751356624595 0.05178365937859612
0 0.2518139137857448 0.6482546988876102 0.04755807572708982 0.053701572688914456
0 0.3758917139198829 0.8985423858841578 0.048167794646667886 0.04602991944764102
0 0.5112493140662154 0.6027042577675489 0.05182610816413632 0.05657844265439201
0 0.7200780440217059 0.6453778289221327 0.045119200048777536 0.053701572688914456
0 0.6072800438997621 0.32940161104718063 0.041460886531308985 0.06616800920598388
0 0.769160417047741 0.35769083237437665 0.04207060545088708 0.06712696586114306
0 0.9395124132327842 0.6389146169942712 0.04580327493415788 0.06346265994305512
0 0.885529982060384 0.217831292236973 0.0534371540898508 0.07718431614695896
0 0.8299117196403353 0.021011286062227713 0.03053551662277192 0.042022572124455426
0 0.632521415757417 0.06174745291756716 0.032716624952969946 0.0514562107646393