0 0.08634538152610442 0.7762390993852186 0.058427690695893944 0.03548521597189578
0 0.5735785953177257 0.6440566698899071 0.04701078561738591 0.039033737569085285
0 0.7972156183261474 0.6014744107236323 0.04566762031403202 0.06564764954800711
0 0.716289908799076 0.7944252725708152 0.057084525392540005 0.027501042378219154
0 0.4459778914991067 0.8126114457564116 0.037608628493908766 0.03725947677049042
0 0.42237917185985313 0.5030641178084697 0.05077782393943588 0.046342876307204524
0 0.5152187698161065 0.9077583034025866 0.015852885225110965 0.046323912022641564
0 0.5017678368978306 0.9150559059814959 0.01393132337964297 0.05076593098371676
0 0.4842335850579351 0.9198152120112193 0.016333275686477976 0.060284543043163635
0 0.4695816759862417 0.9163250542560889 0.012970542456908945 0.05584252408208844
0 0.4572413364799404 0.930091060734502 0.018113691880925778 0.04033470972681783