0 0.3051516338378706 0.25082642231630226 0.04809050931319814 0.04204604767151887
0 0.2828416037441189 0.40197471437684856 0.047098952420142524 0.04567070695354642
0 0.39172995851529296 0.608744284379763 0.04539360034297387 0.042406214661487855
0 0.4657047146297689 0.7648483209597324 0.05295920040013617 0.04117704901912572
0 0.515104859564418 0.3652299353033747 0.04185413832792723 0.03977968176254587
0 0.6007323406499777 0.13719150450878026 0.036515600275895704 0.0437529663028002
0 0.7455268389662028 0.16537138111058375 0.03550127804600972 0.05561817750355956
0 0.7004978674958795 0.4002269263897171 0.03483373264685387 0.04679321539786659
0 0.7552247490665761 0.9237923047835128 0.051722187201991274 0.05494895065229732
0 0.8992172426694446 0.39582081867330304 0.04144872462641129 0.053634257272805276
0 0.8499564411285098 0.04409459106349621 0.04780306922509884 0.06467206689312777